					# Header: Project6::CeO2_1::All data::IQ   6/20/2014																					
					# 																					
					#																					
					# For hk(i)l only h  k & l are recorded  likewise for uv(t)w																					
					#																					
					# Column 1: Color or Gradient																					
					# Columns 2-5: Misorientation(p1)																					
					# Columns 6-9: Misorientation(p2)																					
					# Column  10: Sigma 																					
					# Column  11: Deviation																					
					# Columns 12-14: Plane(p1)																					
GPDCfib_1					# Columns 15-17: Plane(p2)																					
gb		Li (nm)	L mean	stdev																			mis. mean (deg)	stdev		csl sigma
ab	1	166.038			Red RGB(255 0 0)	45.5	23	-9	-11	45.5	23	-9	-11	 -	 -	-19	12	5	16	20	-11					
ab	2	174.31			Red RGB(255 0 0)	45.6	25	-10	-13	45.6	25	-10	-13	 -	 -	-22	11	7	12	19	-9					
ab	3	171.18	170.5	4.2	Red RGB(255 0 0)	45.5	-9	-23	11	45.5	-9	-23	11	 -	 -	22	17	-13	-15	14	2		45.5	0.1		
bc	4	165.074			Light Orange RGB(255 128 128)	57.3	-11	-19	-14	57.3	-11	-19	-14	 -	 -	1	-27	5	20	-19	-9					
bc	5	167.269			Light Orange RGB(255 128 128)	56.5	-4	-7	-5	56.5	-4	-7	-5	 -	 -	1	-7	1	22	-16	-11					
bc	6	166.341	166.2	1.1	Light Orange RGB(255 128 128)	56.5	-4	-7	-5	56.5	-4	-7	-5	 -	 -	4	-29	4	4	-3	-2		56.8	0.5		
cd	4	100.853			Light Yellow RGB(255 255 128)	60.3	-16	-13	19	60.3	-16	-13	19	 -	 -	19	14	-13	-14	-13	17					
cd	5	103.899			Light Yellow RGB(255 255 128)	60.2	20	17	-14	60.2	20	17	-14	3	8	10	8	-7	-9	-8	11					
cd	6	111.568	105.4	5.5	Light Yellow RGB(255 255 128)	60.2	20	17	-14	60.2	20	17	-14	3	8	19	14	-13	-15	-15	19		60.2	0.1		3
cm	7	90.571			Light Yellow RGB(128 255 128)	29.2	-1	-2	3	29.2	-1	-2	3	 -	 -	-5	27	-1	20	-13	-6					
cm	8	101.585			Light Yellow RGB(128 255 128)	29.2	-1	-2	3	29.2	-1	-2	3	 -	 -	-7	24	1	15	-12	-4					
cm	9	91.023	94.4	6.2	Light Yellow RGB(128 255 128)	29.2	-1	-2	3	29.2	-1	-2	3	 -	 -	-5	28	-1	16	-10	-5		29.2	0.0		
dm	10	72.472			Light Cyan RGB(0 255 128)	34.3	15	21	-13	34.3	15	21	-13	 -	 -	5	-29	3	5	-22	3					
dm	11	76.982			Light Cyan RGB(0 255 128)	34.3	13	21	-15	34.3	13	21	-15	 -	 -	5	-22	3	5	-29	3					
dm	12	79.381	76.3	3.5	Light Cyan RGB(0 255 128)	33.7	12	17	-10	33.7	12	17	-10	 -	 -	1	-16	2	4	-25	5		34.1	0.3		
ml	13	168.49			Light Cyan RGB(128 255 255)	55.8	-17	15	18	55.8	-17	15	18	3	5.4	-21	-15	11	-2	23	-10					
ml	14	167.472			Light Cyan RGB(128 255 255)	55.8	-17	15	18	55.8	-17	15	18	3	5.4	-11	-16	7	2	8	-5					
ml	15	169.018	168.3	0.8	Light Cyan RGB(128 255 255)	41.6	-20	-4	-19	41.6	-20	-4	-19	 -	 -	-13	-19	8	-3	-13	8		51.1	8.2		3
mn	16	190.477			Light Cyan RGB(0 128 255)	41.1	1	0	-1	41.1	1	0	-1	9	2.2	-24	-3	10	4	23	-10					
mn	17	188.743			Light Cyan RGB(0 128 255)	42.2	1	0	-1	42.2	1	0	-1	9	3.3	-28	0	11	7	23	-12					
mn	18	193.96	191.1	2.7	Light Cyan RGB(0 128 255)	41.2	21	-1	-21	41.2	21	-1	-21	9	2.4	-26	-3	11	3	16	-7		41.5	0.6		9
mt	19	18.177			Light Magenta RGB(255 128 192)	39.8	26	11	4	39.8	26	11	4	 -	 -	-23	19	7	-16	-6	17					
mt	20	21.378			Light Magenta RGB(255 128 192)	39.8	26	11	4	39.8	26	11	4	 -	 -	-23	19	7	-16	-6	17					
mt	21	20.431	20.0	1.6	Light Magenta RGB(255 128 192)	39.8	26	11	4	39.8	26	11	4	 -	 -	-23	19	7	-16	-6	17		39.8	0.0		
nt	22	87.807			Light Magenta RGB(255 128 255)	37.4	8	-4	27	37.4	8	-4	27	 -	 -	-3	-22	14	-24	11	11					
nt	23	87.591			Light Magenta RGB(255 128 255)	38.7	-4	8	27	38.7	-4	8	27	 -	 -	-21	15	8	1	-25	12					
nt	24	82.678	86.0	2.9	Light Magenta RGB(255 128 255)	38.7	8	-4	27	38.7	8	-4	27	 -	 -	8	-28	7	-14	17	3		38.3	0.8		
tu	25	81.496			Yellow RGB(255 255 0)	56.3	13	-13	-17	56.3	13	-13	-17	3	8.3	19	2	-18	-5	-19	6					
tu	26	82.186			Yellow RGB(255 255 0)	56.3	13	-13	-17	56.3	13	-13	-17	3	8.3	23	-2	-20	-10	-23	9					
tu	27	84.398	82.7	1.5	Yellow RGB(255 255 0)	56.3	13	-13	-17	56.3	13	-13	-17	3	8.3	23	-6	-18	-8	-13	6		56.3	0.0		3
nu	28	103.348			Light Yellow RGB(128 255 0)	32.7	-6	-13	-7	32.7	-6	-13	-7	 35a	1.9	-16	-9	13	-2	-21	5					
nu	29	91.132			Light Yellow RGB(128 255 0)	31.9	-11	-23	-13	31.9	-11	-23	-13	 -	 -	-16	-9	13	-2	-20	5					
nu	30	91.931	95.5	6.8	Light Yellow RGB(128 255 0)	31.9	-11	-23	-13	31.9	-11	-23	-13	 -	 -	-16	-9	13	-2	-20	5		32.2	0.5		
su	31	113.741			Dark Green RGB(0 255 64)	40.6	19	11	13	40.6	19	11	13	 -	 -	20	-17	-5	6	1	-5					
su	32	129.028			Dark Green RGB(0 255 64)	40.9	18	11	12	40.9	18	11	12	 -	 -	14	-11	-3	22	3	-18					
su	33	125.372	122.7	8.0	Dark Green RGB(0 255 64)	40.3	22	13	15	40.3	22	13	15	 -	 -	22	-16	-5	23	2	-18		40.6	0.3		
ns	34	148.08			Cyan RGB(0 255 255)	52	15	8	7	52	15	8	7	 31b	2	-5	-15	8	7	-29	-3					
ns	35	143.526			Cyan RGB(0 255 255)	52.6	11	6	5	52.6	11	6	5	 -	 -	-7	-26	13	8	-27	-4					
ns	36	152.309	148.0	4.4	Cyan RGB(0 255 255)	52.6	11	6	5	52.6	11	6	5	 -	 -	-4	-19	9	2	-6	-1		52.4	0.3		
no	37	105.812			Dark Cyan RGB(0 128 192)	42.4	0	3	-11	42.4	0	3	-11	 37b	2.4	8	-9	-2	-1	27	-6					
no	38	109.314			Dark Cyan RGB(0 128 192)	42.6	1	8	-28	42.6	1	8	-28	 37b	1.9	5	-6	-1	5	-23	1					
no	39	109.436	108.2	2.1	Dark Cyan RGB(0 128 192)	42.2	0	3	-10	42.2	0	3	-10	 37b	1.6	17	-23	-3	5	-29	3		42.4	0.2		37
ln	40	82.588			Light Purple RGB(128 128 192)	33	3	18	-4	33	3	18	-4	 -	 -	-26	4	11	24	5	-16					
ln	41	79.456			Light Purple RGB(128 128 192)	32.1	2	11	-2	32.1	2	11	-2	 -	 -	-12	2	5	23	5	-16					
ln	42	78.482	80.2	2.1	Light Purple RGB(128 128 192)	32.3	1	5	-1	32.3	1	5	-1	 -	 -	-23	5	9	7	2	-5		32.5	0.5		
dl	43	168.556			Magenta RGB(255 0 255)	45	-11	-11	-9	45	-11	-11	-9	 -	 -	-22	13	5	15	-11	-10					
dl	44	172.403			Magenta RGB(255 0 255)	45	-11	-11	-9	45	-11	-11	-9	 -	 -	20	-15	-13	-22	13	5					
dl	45	183.172	174.7	7.6	Magenta RGB(255 0 255)	43	-14	24	7	43	-14	24	7	 -	 -	17	-7	-5	19	-18	-11		44.3	1.2		
bd	46	111.423			Dark Purple RGB(128 64 64)	34	10	13	-16	34	10	13	-16	 -	 -	-17	-8	9	-17	4	14					
bd	47	116.952			Dark Purple RGB(128 64 64)	32.7	8	-11	-13	32.7	8	-11	-13	 -	 -	-10	3	8	-21	-11	11					
bd	48	112.852	113.7	2.9	Dark Purple RGB(128 64 64)	33.8	13	18	-21	33.8	13	18	-21	 -	 -	-11	-6	6	-6	2	5		33.5	0.7		
be	49	80.129			Light Orange RGB(255 128 64)	38.9	-11	17	5	38.9	-11	17	5	 -	 -	4	10	-5	-16	19	3					
be	50	83.417			Light Orange RGB(255 128 64)	39.3	-22	-7	15	39.3	-22	-7	15	 -	 -	-9	9	2	9	27	-11					
be	51	86.309	83.3	3.1	Light Orange RGB(255 128 64)	39.3	-15	22	7	39.3	-15	22	7	 -	 -	9	27	-11	-9	9	2		39.2	0.2		
ae	52	33.227			Green RGB(0 255 0)	31.7	9	19	-22	31.7	9	19	-22	 -	 -	-1	20	-1	-1	16	-6					
ae	53	45.459			Green RGB(0 255 0)	33.3	7	17	-20	33.3	7	17	-20	 -	 -	0	28	-3	1	26	-11					
ae	54	48.945	42.5	8.3	Green RGB(0 255 0)	33	3	8	-10	33	3	8	-10	 -	 -	-1	17	-1	-1	28	-11		32.7	0.9		
ef	55	115.576			Dark Cyan RGB(0 128 128)	58.4	-19	18	-14	58.4	-19	18	-14	3	7.2	-6	-13	7	-6	-1	1					
ef	56	120.353			Dark Cyan RGB(0 128 128)	58.8	-10	9	-7	58.8	-10	9	-7	3	8.1	-3	-25	5	-23	-14	4					
ef	57	115.093	117.0	2.9	Dark Cyan RGB(0 128 128)	58.5	-11	10	-8	58.5	-11	10	-8	3	7.5	1	-17	1	-21	-20	4		58.6	0.2		3
de	58	45.069			Dark Blue RGB(0 64 128)	53.6	15	-7	-17	53.6	15	-7	-17	 -	 -	20	-9	-18	-18	18	11					
de	59	47.375			Dark Blue RGB(0 64 128)	53.6	-17	15	7	53.6	-17	15	7	 -	 -	-15	20	7	12	-2	-11					
de	60	54.986	49.1	5.2	Dark Blue RGB(0 64 128)	54.9	18	-8	-19	54.9	18	-8	-19	 -	 -	8	-3	-7	-11	12	6		54.0	0.8		
df	61	67.507			Light Magenta RGB(128 128 255)	51.5	25	-16	4	51.5	25	-16	4	 -	 -	-23	14	3	-8	21	0					
df	62	62.18			Light Magenta RGB(128 128 255)	51.8	15	-23	4	51.8	15	-23	4	 -	 -	-11	23	2	-15	12	2					
df	63	68.236	66.0	3.3	Light Magenta RGB(128 128 255)	52.4	16	-25	4	52.4	16	-25	4	 -	 -	-11	24	2	-8	6	1		51.9	0.5		
dg	64	112.248			Dark Purple RGB(128 0 64)	46.9	-17	15	-20	46.9	-17	15	-20	 -	 -	9	23	-16	-26	7	8					
dg	65	103.288			Dark Purple RGB(128 0 64)	46.1	-19	15	-17	46.1	-19	15	-17	 -	 -	-24	7	7	9	23	-16					
dg	66	107.409	107.6	4.5	Dark Purple RGB(128 0 64)	46.1	-17	15	-19	46.1	-17	15	-19	 -	 -	2	27	-11	-23	16	6		46.4	0.5		
fg	67	86.399			Light Magenta RGB(255 0 128)	35.8	-6	5	-25	35.8	-6	5	-25	 -	 -	-12	26	1	-2	-12	1					
fg	68	89.591			Light Magenta RGB(255 0 128)	36.8	5	-4	21	36.8	5	-4	21	 -	 -	-1	-15	1	-11	18	1					
fg	69	86.494	87.5	1.8	Light Magenta RGB(255 0 128)	36.8	-5	4	-21	36.8	-5	4	-21	 -	 -	-16	17	2	1	-8	0		36.5	0.6		
fh	70	147.712			Dark Red RGB(128 0 0)	40.2	-7	-8	8	40.2	-7	-8	8	7	3.2	-4	17	0	-22	-15	15					
fh	71	145.046			Dark Red RGB(128 0 0)	39.2	7	-6	-7	39.2	7	-6	-7	7	2.9	-6	-7	5	-13	26	1					
fh	72	149.554	147.4	2.3	Dark Red RGB(128 0 0)	39.9	-14	-17	17	39.9	-14	-17	17	7	3.8	-18	23	2	-6	-12	7		39.8	0.5		7
hi	73	129.698			Orange RGB(255 128 0)	8.1	27	8	-8	8.1	27	8	-8	1	8.1	19	-6	-5	-25	8	9					
hi	74	124.914			Orange RGB(255 128 0)	8.3	28	9	-5	8.3	28	9	-5	1	8.3	19	-6	-5	-20	6	7					
hi	75	124.585	126.4	2.9	Orange RGB(255 128 0)	8.1	27	8	-8	8.1	27	8	-8	1	8.1	27	-4	-9	-28	4	11		8.2	0.1		1
fi	76	61.516			Dark Green RGB(0 128 0)	36.3	-16	-12	19	36.3	-16	-12	19	 -	 -	-7	27	0	-5	-4	3					
fi	77	58.481			Dark Green RGB(0 128 0)	35.4	8	-12	-13	35.4	8	-12	-13	 -	 -	-13	-16	9	-10	20	1					
fi	78	68.462	62.8	5.1	Dark Green RGB(0 128 0)	36.1	-17	-12	19	36.1	-17	-12	19	 -	 -	-11	20	1	-8	-11	6		35.9	0.5		
ij	79	177.406			Dark Green RGB(0 128 64)	38	-5	16	1	38	-5	16	1	 -	 -	4	25	-4	-11	27	-2					
ij	80	183.372			Dark Green RGB(0 128 64)	37	-9	28	2	37	-9	28	2	 -	 -	9	26	-7	-16	25	1					
ij	81	181.133	180.6	3.0	Dark Green RGB(0 128 64)	38.1	-8	25	2	38.1	-8	25	2	 -	 -	12	25	-8	-15	19	2		37.7	0.6		
hj	85	75.069			Blue RGB(0 0 255)	41.8	6	23	-9	41.8	6	23	-9	 -	 -	6	21	-10	-6	13	3					
hj	86	61.899			Blue RGB(0 0 255)	40.6	4	17	-7	40.6	4	17	-7	 -	 -	3	13	-6	-11	25	5					
hj	87	71.711	69.6	6.8	Blue RGB(0 0 255)	41.7	3	12	-5	41.7	3	12	-5	 -	 -	3	13	-6	-11	25	5		41.4	0.7		
gj	82	56.31			Dark Blue RGB(0 0 160)	57.2	-13	20	-17	57.2	-13	20	-17	 -	 -	9	26	-4	-13	8	7					
gj	83	47.897			Dark Blue RGB(0 0 160)	55.9	-13	21	-17	55.9	-13	21	-17	 -	 -	5	29	-3	-19	18	10					
gj	84	56.448	53.6	4.9	Dark Blue RGB(0 0 160)	55.9	-13	21	-17	55.9	-13	21	-17	 -	 -	6	26	-3	-13	11	7		56.3	0.8		
					Purple RGB(128 0 128)	28.1	-1	13	-2	28.1	-1	13	-2	 -	 -	18	7	-19	-10	2	3					
					Purple RGB(128 0 128)	28.2	-1	18	-3	28.2	-1	18	-3	 -	 -	16	12	-19	-16	7	4					
					Purple RGB(128 0 128)	27.1	-3	29	-5	27.1	-3	29	-5	 -	 -	17	13	-20	-26	11	7					
kl	88	93.239			Light Magenta RGB(128 0 255)	46.9	-2	10	-3	46.9	-2	10	-3	 -	 -	8	10	-9	-11	22	-1					
kl	89	99.501			Light Magenta RGB(128 0 255)	46.9	-2	10	-3	46.9	-2	10	-3	 -	 -	11	17	-14	-13	22	0					
kl	90	96.876	96.5	3.1	Light Magenta RGB(128 0 255)	46.9	-2	10	-3	46.9	-2	10	-3	 -	 -	9	13	-11	-13	23	0		46.9	0.0		
					Dark Purple RGB(64 0 0)	41.7	-7	6	-12	41.7	-7	6	-12	 -	 -	11	26	-10	-7	4	6					
					Dark Purple RGB(64 0 0)	41.7	-12	6	-7	41.7	-12	6	-7	 -	 -	-9	4	8	10	19	-8					
					Dark Purple RGB(64 0 0)	41.4	-10	9	-18	41.4	-10	9	-18	 -	 -	11	25	-10	-20	11	17					
jp	91	105.362			Dark Red RGB(128 64 0)	43.1	-18	15	-19	43.1	-18	15	-19	 -	 -	21	-15	-11	-7	-26	7					
jp	92	102.634			Dark Red RGB(128 64 0)	43.1	-19	15	-18	43.1	-19	15	-18	 -	 -	-6	-27	7	21	-16	-11					
jp	93	107.862	105.3	2.6	Dark Red RGB(128 64 0)	43.1	-18	15	-19	43.1	-18	15	-19	 -	 -	2	-2	-1	-2	-18	3		43.1	0.0		
jq	94	39.843			Dark Green RGB(0 64 0)	42.1	29	-4	8	42.1	29	-4	8	 -	 -	13	7	-8	20	-22	1					
jq	95	40.599			Dark Green RGB(0 64 0)	42.1	29	4	8	42.1	29	4	8	 -	 -	22	-17	-3	22	6	-13					
jq	96	42.951	41.1	1.6	Dark Green RGB(0 64 0)	42.1	29	-4	8	42.1	29	-4	8	 -	 -	14	12	-9	15	-22	4		42.1	0.0		
pq	97	104.181			Dark Purple RGB(0 64 64)	48.4	-25	1	11	48.4	-25	1	11	15	3	22	-6	-15	5	-12	4					
pq	98	110.481			Dark Purple RGB(0 64 64)	48.4	-11	25	-1	48.4	-11	25	-1	15	3	15	-22	4	24	1	-17					
pq	99	101.949	105.5	4.4	Dark Purple RGB(0 64 64)	48.4	-25	1	11	48.4	-25	1	11	15	3	21	2	-15	15	-20	3		48.4	0.0		15
op	100	148.426			Dark Blue RGB(0 0 128)	60	-1	-1	1	60	-1	-1	1	3	0.4	-9	15	5	-12	18	7					
op	101	158.804			Dark Blue RGB(0 0 128)	60	-1	-1	1	60	-1	-1	1	3	0.4	-14	23	8	-14	21	8					
op	102	149.777	152.3	5.6	Dark Blue RGB(0 0 128)	59.4	1	1	-1	59.4	1	1	-1	3	0.9	-2	4	1	-11	14	7		59.8	0.3		3
oq	103	12.437			Dark Purple RGB(0 0 64)	39.5	21	-10	-19	39.5	21	-10	-19	 -	 -	-3	23	-3	8	-27	11					
oq	104	5.701			Dark Purple RGB(0 0 64)	40.1	19	9	-17	40.1	19	9	-17	 -	 -	3	-10	4	-4	29	-4					
oq	105	12.827	10.3	4.0	Dark Purple RGB(0 0 64)	39.5	21	-10	-19	39.5	21	-10	-19	 -	 -	-3	23	-3	3	-10	4		39.7	0.3		
lo	106	176.378			Dark Purple RGB(64 0 64)	34	-2	1	0	34	-2	1	0	 27b	1.5	8	20	-13	-10	22	-3					
lo	107	181.216			Dark Purple RGB(64 0 64)	34	-1	0	2	34	-1	0	2	 27b	1.5	-9	18	-2	7	20	-12					
lo	108	180.524	179.4	2.6	Dark Purple RGB(64 0 64)	34.6	-26	12	1	34.6	-26	12	1	 27b	1.5	8	20	-13	-10	23	-3		34.2	0.3		27
os	109	220.631			Dark Purple RGB(64 0 128)	59.8	-16	19	16	59.8	-16	19	16	3	4.9	9	-3	-8	-8	-19	8					
os	110	225.029			Dark Purple RGB(64 0 128)	59.3	14	14	-17	59.3	14	14	-17	3	5.5	-7	-25	8	13	-2	-12					
os	111	228.581	224.7	4.0	Dark Purple RGB(64 0 128)	59.3	-14	17	14	59.3	-14	17	14	3	5.4	13	-2	-12	-7	-25	8		59.5	0.3		3
rs	112	58.833			Black RGB(0 0 0)	39.5	-1	18	-24	39.5	-1	18	-24	 -	 -	-14	1	11	-15	7	6					
rs	113	71.948			Black RGB(0 0 0)	38.9	21	16	0	38.9	21	16	0	 -	 -	-26	9	12	-19	-1	15					
rs	114	76.858	69.2	9.3	Black RGB(0 0 0)	39.5	0	3	-4	39.5	0	3	-4	 -	 -	-15	-2	12	-21	6	10		39.3	0.3		
rw	115	38.099			Dark Orange RGB(128 128 0)	36.8	28	-2	9	36.8	28	-2	9	 -	 -	-19	-12	16	-11	15	3					
rw	116	45.653			Dark Orange RGB(128 128 0)	36.8	28	2	9	36.8	28	2	9	 -	 -	-18	19	6	-20	-8	15					
rw	117	42.145	42.0	3.8	Dark Orange RGB(128 128 0)	36.3	12	-1	4	36.3	12	-1	4	 -	 -	-13	-6	10	-16	18	5		36.6	0.3		
rx	118	140.286			Dark Orange RGB(128 128 64)	58	11	-18	-17	58	11	-18	-17	 -	 -	-4	-26	13	14	17	-5					
rx	119	141.689			Dark Orange RGB(128 128 64)	58	11	-18	-17	58	11	-18	-17	 -	 -	-6	-23	13	13	19	-5					
rx	120	146.635	142.9	3.3	Dark Orange RGB(128 128 64)	57.4	11	-18	-18	57.4	11	-18	-18	 -	 -	-2	-20	9	12	13	-4		57.8	0.3		
wx	121	125.073			Light Gray RGB(128 128 128)	39	-5	-8	-15	39	-5	-8	-15	 -	 -	-21	-2	10	26	-15	-3					
wx	122	122.166			Light Gray RGB(128 128 128)	39	-5	-8	-15	39	-5	-8	-15	 -	 -	-26	1	12	11	-8	-1					
wx	123	125.329	124.2	1.8	Light Gray RGB(128 128 128)	38.4	-4	-6	-11	38.4	-4	-6	-11	 -	 -	-19	-2	9	25	-14	-3		38.8	0.3		
sw	124	170.498			Dark Purple RGB(64 128 128)	27.3	2	23	4	27.3	2	23	4	 -	 -	-3	15	1	3	14	-3					
sw	125	153.003			Dark Purple RGB(64 128 128)	28.2	5	29	2	28.2	5	29	2	 -	 -	8	26	-7	-7	25	3					
sw	126	159.116	160.9	8.9	Dark Purple RGB(64 128 128)	27.1	2	30	5	27.1	2	30	5	 -	 -	-2	29	-1	1	27	-4		27.5	0.6		
sv	127	129.768			Light Gray RGB(192 192 192)	33.7	-2	15	4	33.7	-2	15	4	 -	 -	5	23	-6	-3	8	-1					
sv	128	134.401			Light Gray RGB(192 192 192)	33.3	6	25	-3	33.3	6	25	-3	 -	 -	-10	23	-2	7	26	-8					
sv	129	137.829	134.0	4.0	Light Gray RGB(192 192 192)	34.2	-3	22	5	34.2	-3	22	5	 -	 -	7	26	-8	-10	23	-2		33.7	0.5		
vw	130	53.376			Dark Purple RGB(64 0 64)	8.4	12	13	-10	8.4	12	13	-10	1	8.4	-21	-2	8	27	2	-13					
vw	131	52.541			Dark Purple RGB(64 0 64)	8.5	13	19	-11	8.5	13	19	-11	1	8.5	-21	-3	8	18	2	-9					
vw	132	56.18	54.0	1.9	Dark Purple RGB(64 0 64)	9.1	-11	-11	10	9.1	-11	-11	10	1	9.1	10	2	-5	-21	-5	9		8.7	0.4		1
uv	133	28.73			White RGB(255 255 255)	57.1	13	-21	16	57.1	13	-21	16	 -	 -	27	-5	-10	13	5	-6					
uv	134	33.268			White RGB(255 255 255)	56.4	12	-19	15	56.4	12	-19	15	 -	 -	17	-4	-6	26	9	-11					
uv	135	32.115	31.4	2.4	White RGB(255 255 255)	48.9	-2	11	-7	48.9	-2	11	-7	 -	 -	16	18	-11	25	10	-11		54.1	4.5		
or	136	109.92			Dark Purple RGB(64 0 64)	48.2	-23	10	-6	48.2	-23	10	-6	 -	 -	-7	9	-1	-14	-12	17					
or	137	111.172			Dark Purple RGB(64 0 64)	48.2	-23	10	-6	48.2	-23	10	-6	 -	 -	-13	19	-3	-4	-4	5					
or	138	112.319	111.1	1.2	Dark Purple RGB(64 0 64)	48.2	-23	10	-6	48.2	-23	10	-6	 -	 -	-17	21	-2	-5	-4	6		48.2	0.0		
																										
																										
GPDCfib_2																										
gb		Li (nm)	L mean	stdev																			mis. mean (deg)	stdev		csl sigma
ac	3	143.639			Light Orange RGB(255 128 128)	35.1	-18	-13	20	35.1	-18	-13	20	 -	 -	-13	26	1	-14	-17	10					
ac	4	150.17			Light Orange RGB(255 128 128)	35.1	13	-18	-20	35.1	13	-18	-20	 -	 -	-14	-23	11	-11	16	1					
ac	5	146.021	146.6	3.3	Light Orange RGB(255 128 128)	35.1	-18	-13	20	35.1	-18	-13	20	 -	 -	-9	11	1	-12	-25	11		35.1	0.0		
cd	6	212.139			Light Yellow RGB(255 255 128)	52	1	3	2	52	1	3	2	 39b	1.9	17	17	-11	-13	27	-3					
cd	7	213.958			Light Yellow RGB(255 255 128)	51.5	5	16	11	51.5	5	16	11	 39b	1.7	21	9	-11	-18	20	3					
cd	8	215.1	213.7	1.5	Light Yellow RGB(255 255 128)	51.1	7	22	15	51.1	7	22	15	 39b	1.1	15	7	-8	-6	7	1		51.5	0.5		39
bc	9	47.594			Light Yellow RGB(128 255 128)	25.4	-17	7	3	25.4	-17	7	3	 -	 -	6	-15	1	-7	4	3					
bc	10	53.252			Light Yellow RGB(128 255 128)	25.8	-24	11	4	25.8	-24	11	4	 -	 -	3	-5	0	-21	16	6					
bc	11	47.096	49.3	3.4	Light Yellow RGB(128 255 128)	25.4	7	-17	3	25.4	7	-17	3	 -	 -	-20	22	1	20	-21	-4		25.5	0.2		
ab	12	230.761			Light Cyan RGB(0 255 128)	56.4	-17	-18	12	56.4	-17	-18	12	 -	 -	10	15	-2	-7	19	-8					
ab	13	247.429			Light Cyan RGB(0 255 128)	56.4	-17	-18	12	56.4	-17	-18	12	 -	 -	15	20	-3	-10	24	-9					
ab	14	239.29	239.2	8.3	Light Cyan RGB(0 255 128)	57.2	-18	-19	13	57.2	-18	-19	13	 -	 -	17	24	-3	-9	24	-10		56.7	0.5		
be	18	238.386			Light Cyan RGB(128 255 255)	59.6	16	-16	11	59.6	16	-16	11	 43c	1.4	-4	-16	15	0	-1	0					
be	19	242.134			Light Cyan RGB(128 255 255)	59.6	16	-16	-11	59.6	16	-16	-11	 43c	1.4	-2	-30	1	-7	-19	20					
be	20	234.822	238.4	3.7	Light Cyan RGB(128 255 255)	59.6	16	-16	11	59.6	16	-16	11	 43c	1.4	-6	-19	19	-1	-30	1		59.6	0.0		43
bf	15	161.857			Light Cyan RGB(0 128 255)	23.4	16	-18	-17	23.4	16	-18	-17	 21a	2	16	-14	-3	-18	23	4					
bf	16	164.63			Light Cyan RGB(0 128 255)	22.7	-15	17	15	22.7	-15	17	15	 21a	1.6	-17	21	4	19	-17	-4					
bf	17	166.096	164.2	2.2	Light Cyan RGB(0 128 255)	23.4	16	-18	-17	23.4	16	-18	-17	 21a	2	15	-16	-1	-15	25	2		23.2	0.4		21
ef	21	38.908			Light Magenta RGB(255 128 192)	52.2	11	-18	-22	52.2	11	-18	-22	 -	 -	-23	-13	4	-26	5	12					
ef	22	41.465			Light Magenta RGB(255 128 192)	52.9	3	-5	6	52.9	3	-5	6	 -	 -	-24	7	11	-24	-11	4					
ef	23	36.897	39.1	2.3	Light Magenta RGB(255 128 192)	52.2	11	-18	-22	52.2	11	-18	-22	 -	 -	-12	-5	2	-21	7	9		52.4	0.4		
eh	24	176.735			Light Magenta RGB(255 128 255)	16.9	-11	11	-12	16.9	-11	11	-12	 31a	1.2	-19	10	3	21	-18	-5					
eh	25	179.427			Light Magenta RGB(255 128 255)	16.9	11	-11	12	16.9	11	-11	12	 31a	1.2	11	-7	-3	-26	9	4					
eh	26	179.55	178.6	1.6	Light Magenta RGB(255 128 255)	16.9	-11	11	-12	16.9	-11	11	-12	 31a	1.2	-12	5	2	23	-16	-6		16.9	0.0		31
fh	27	73.341			Red RGB(255 0 0)	54.4	17	21	2	54.4	17	21	2	 -	 -	-17	-16	13	-7	-18	5					
fh	28	80.045			Red RGB(255 0 0)	55.3	-1	10	-8	55.3	-1	10	-8	 -	 -	-12	-27	8	-7	-6	5					
fh	29	77.745	77.0	3.4	Red RGB(255 0 0)	54.5	17	22	2	54.5	17	22	2	 -	 -	-17	-14	12	-6	-13	4		54.7	0.5		
fg	30	216.093			Yellow RGB(255 255 0)	43.5	-4	16	-23	43.5	-4	16	-23	 -	 -	-2	-25	7	-14	-21	13					
fg	31	209.526			Yellow RGB(255 255 0)	44.2	-2	8	-11	44.2	-2	8	-11	 -	 -	4	-23	3	-5	-16	6					
fg	32	216.338	214.0	3.9	Yellow RGB(255 255 0)	44.2	-2	8	-11	44.2	-2	8	-11	 -	 -	6	-19	1	-3	-18	5		44.0	0.4		
gh	33	109.763			Light Yellow RGB(128 255 0)	46	-14	-8	23	46	-14	-8	23	 -	 -	-15	2	5	11	-24	-4					
gh	34	119.331			Light Yellow RGB(128 255 0)	46	8	-14	-23	46	8	-14	-23	 -	 -	5	-16	-1	-16	5	5					
gh	35	113.599	114.2	4.8	Light Yellow RGB(128 255 0)	45.8	-13	-8	22	45.8	-13	-8	22	 -	 -	-25	6	8	4	-11	-1		45.9	0.1		
hi	36	140.702			Dark Green RGB(0 255 64)	24.1	-25	-8	15	24.1	-25	-8	15	 -	 -	0	29	-4	11	-2	-6					
hi	37	134.704			Dark Green RGB(0 255 64)	24.1	-8	-25	15	24.1	-8	-25	15	 -	 -	20	-3	-11	1	28	-4					
hi	38	136.277	137.2	3.1	Dark Green RGB(0 255 64)	24.1	-25	-8	15	24.1	-25	-8	15	 -	 -	-5	28	-2	10	-4	-5		24.1	0.0		
gi	39	139.969			Cyan RGB(0 255 255)	26.7	1	1	-8	26.7	1	1	-8	 -	 -	5	21	-7	14	-18	-7					
gi	40	137.824			Cyan RGB(0 255 255)	26.7	1	1	-8	26.7	1	1	-8	 -	 -	-1	18	-3	10	-24	-3					
gi	41	146.653	141.5	4.6	Cyan RGB(0 255 255)	26.7	1	1	-8	26.7	1	1	-8	 -	 -	-9	16	2	-1	-22	4		26.7	0.0		
bd	42	31.224			Dark Cyan RGB(0 128 192)	53.1	-19	-18	-7	53.1	-19	-18	-7	 25b	2.5	-12	-4	13	-3	19	-6					
bd	43	38.268			Dark Cyan RGB(0 128 192)	53.1	5	13	12	53.1	5	13	12	 -	 -	-5	26	-8	-19	-7	21					
bd	44	40.663	36.7	4.9	Dark Cyan RGB(0 128 192)	53	-17	-16	-6	53	-17	-16	-6	 25b	2.3	-13	-5	15	-5	23	-7		53.1	0.1		25
de	45	120.143			Light Purple RGB(128 128 192)	58.3	-4	7	-7	58.3	-4	7	-7	 -	 -	13	11	-13	12	-1	-2					
de	46	122.147			Light Purple RGB(128 128 192)	58.3	-5	9	-9	58.3	-5	9	-9	 -	 -	13	19	-17	24	3	-4					
de	47	118.604	120.3	1.8	Light Purple RGB(128 128 192)	57.9	-11	19	-19	57.9	-11	19	-19	 -	 -	6	9	-8	-24	3	4		58.2	0.2		
ek	48	175.456			Magenta RGB(255 0 255)	17.1	7	-23	3	17.1	7	-23	3	 -	 -	-12	23	2	-13	22	0					
ek	49	177.852			Magenta RGB(255 0 255)	16.2	5	-15	-2	16.2	5	-15	-2	 -	 -	-14	27	-1	-6	13	1					
ek	50	169.326	174.2	4.4	Magenta RGB(255 0 255)	16.9	-7	-26	-4	16.9	-7	-26	-4	 -	 -	9	26	-2	-11	27	-1		16.7	0.5		
hk	51	76.447			Dark Purple RGB(128 64 64)	27.2	3	-21	8	27.2	3	-21	8	 -	 -	21	11	-9	-18	13	1					
hk	52	69.507			Dark Purple RGB(128 64 64)	26.7	-5	-28	11	26.7	-5	-28	11	 -	 -	-21	16	1	16	9	-7					
hk	53	80.64	75.5	5.6	Dark Purple RGB(128 64 64)	27.2	3	-21	8	27.2	3	-21	8	 -	 -	18	11	-8	-22	18	1		27.0	0.3		
dk	54	74.867			Light Orange RGB(255 128 64)	52.2	10	-6	15	52.2	10	-6	15	 -	 -	17	-3	-10	5	6	-1					
dk	55	80.571			Light Orange RGB(255 128 64)	51.5	-6	11	16	51.5	-6	11	16	 39b	2.2	16	25	-4	17	-5	-9					
dk	56	80.699	78.7	3.3	Light Orange RGB(255 128 64)	51.4	10	-6	15	51.4	10	-6	15	 -	 -	26	-7	-14	13	19	-3		51.7	0.4		
dl	57	155.85			Green RGB(0 255 0)	42.7	9	4	-1	42.7	9	4	-1	 -	 -	9	-14	0	12	-12	-7					
dl	58	146.129			Green RGB(0 255 0)	42.7	1	4	-9	42.7	1	4	-9	 -	 -	19	-18	-11	15	-23	0					
dl	59	159.675	153.9	7.0	Green RGB(0 255 0)	41.5	24	11	-2	41.5	24	11	-2	 -	 -	17	-24	-1	20	-18	-13		42.3	0.7		
					Dark Cyan RGB(0 128 128)	33.9	12	12	-25	33.9	12	12	-25	 35a	0.6	11	-19	-6	15	-25	1					
					Dark Cyan RGB(0 128 128)	33.9	25	12	-12	33.9	25	12	-12	 35a	0.6	7	-15	2	12	-26	-5					
					Dark Cyan RGB(0 128 128)	33.6	15	8	-7	33.6	15	8	-7	 35a	1.3	2	-15	5	2	-12	1					35
dm	60	58.407			Dark Blue RGB(0 64 128)	38.4	-9	11	16	38.4	-9	11	16	 -	 -	8	-21	4	17	4	-12					
dm	61	65.105			Dark Blue RGB(0 64 128)	38.3	-11	18	13	38.3	-11	18	13	 -	 -	21	10	-18	6	-27	8					
dm	62	53.883	59.1	5.6	Dark Blue RGB(0 64 128)	38.3	-11	13	18	38.3	-11	13	18	 -	 -	7	-28	8	18	8	-15		38.3	0.1		
					Light Magenta RGB(128 128 255)	53.6	-14	-20	-13	53.6	-14	-20	-13	 -	 -	-3	17	-8	16	17	-19					
					Light Magenta RGB(128 128 255)	53.6	-20	-14	-13	53.6	-20	-14	-13	 -	 -	10	15	-13	-1	22	-12					
					Light Magenta RGB(128 128 255)	53.6	-20	-14	-13	53.6	-20	-14	-13	 -	 -	2	17	-6	9	15	-14					
					Dark Purple RGB(128 0 64)	14.2	11	1	15	14.2	11	1	15	1	14.2	-11	14	7	21	-16	-14					
					Dark Purple RGB(128 0 64)	14.1	9	1	14	14.1	9	1	14	1	14.1	-18	13	14	14	-5	-11					
					Dark Purple RGB(128 0 64)	14.1	9	1	14	14.1	9	1	14	1	14.1	-21	-5	21	14	9	-15					1
lm	63	185.731			Light Magenta RGB(255 0 128)	55.4	17	15	11	55.4	17	15	11	 -	 -	-14	25	-6	15	11	-16					
lm	64	198.758			Light Magenta RGB(255 0 128)	55.5	19	16	12	55.5	19	16	12	 -	 -	-13	18	-3	19	9	-19					
lm	65	198.582	194.4	7.5	Light Magenta RGB(255 0 128)	55.5	19	16	12	55.5	19	16	12	 -	 -	-11	23	-7	14	13	-16		55.5	0.1		
mn	66	40.455			Dark Red RGB(128 0 0)	50.6	11	-10	-15	50.6	11	-10	-15	 -	 -	-17	-1	10	10	24	-5					
mn	67	44.389			Dark Red RGB(128 0 0)	51.4	-13	-14	19	51.4	-13	-14	19	 -	 -	11	24	-5	-12	0	7					
mn	68	43.633	42.8	2.1	Dark Red RGB(128 0 0)	51.4	14	-13	-19	51.4	14	-13	-19	 -	 -	-12	0	7	11	24	-5		51.1	0.5		
ln	69	251.171			Orange RGB(255 128 0)	39.3	-9	24	-10	39.3	-9	24	-10	 -	 -	-7	26	-2	-4	21	-2					
ln	70	250.996			Orange RGB(255 128 0)	39.3	-10	24	-9	39.3	-10	24	-9	 -	 -	-5	24	-2	-7	27	-2					
ln	71	251.435	251.2	0.2	Orange RGB(255 128 0)	39.3	-9	24	-10	39.3	-9	24	-10	 -	 -	-6	17	-1	-1	7	-1		39.3	0.0		
kl	72	273.675			Dark Green RGB(0 128 0)	55	16	21	-2	55	16	21	-2	 -	 -	0	-17	5	21	-6	-2					
kl	73	272.044			Dark Green RGB(0 128 0)	54.4	22	-13	10	54.4	22	-13	10	 -	 -	11	-5	-1	1	-11	2					
kl	74	274.46	273.4	1.2	Dark Green RGB(0 128 0)	54.4	13	-22	10	54.4	13	-22	10	 -	 -	1	-22	5	21	-8	-2		54.6	0.3		
jk	75	151.287			Dark Green RGB(0 128 64)	40.4	5	-6	-2	40.4	5	-6	-2	 -	 -	-19	-21	4	-13	-10	10					
jk	76	154.873			Dark Green RGB(0 128 64)	40.4	5	-6	2	40.4	5	-6	2	 -	 -	-18	-15	14	-18	-21	4					
jk	77	154.457	153.5	2.0	Dark Green RGB(0 128 64)	40.1	14	-17	-6	40.1	14	-17	-6	 -	 -	-23	-18	4	-23	-11	15		40.3	0.2		
ik	78	25.013			Blue RGB(0 0 255)	30	-23	-15	2	30	-23	-15	2	 -	 -	-28	-9	4	1	-3	0					
ik	79	21.938			Blue RGB(0 0 255)	30.4	13	-19	-2	30.4	13	-19	-2	 -	 -	11	-25	-1	-25	-11	4					
ik	80	21.791	22.9	1.8	Blue RGB(0 0 255)	30.4	-19	-13	2	30.4	-19	-13	2	 -	 -	-27	-10	4	5	-13	0		30.3	0.2		
lp	81	87.15			Dark Blue RGB(0 0 160)	48.7	-19	-2	-18	48.7	-19	-2	-18	11	4.3	-12	-16	15	19	4	-18					
lp	82	95.988			Dark Blue RGB(0 0 160)	48.7	-18	-2	-19	48.7	-18	-2	-19	11	4.3	16	3	-15	-8	-11	10					
lp	83	85.743	89.6	5.6	Dark Blue RGB(0 0 160)	48.7	-19	-2	-18	48.7	-19	-2	-18	11	4.3	-12	-13	14	20	7	-20		48.7	0.0		11
kp	84	93.79			Purple RGB(128 0 128)	36.1	-9	22	-6	36.1	-9	22	-6	 -	 -	5	-22	1	-3	22	-4					
kp	85	98.685			Purple RGB(128 0 128)	36	-10	26	-7	36	-10	26	-7	 -	 -	0	-23	2	1	23	-8					
kp	86	100.369	97.6	3.4	Purple RGB(128 0 128)	36.1	-9	22	-6	36.1	-9	22	-6	 -	 -	-1	-23	2	2	24	-9		36.1	0.1		
no	87	88.693			Light Magenta RGB(128 0 255)	60.6	-8	-14	-13	60.6	-8	-14	-13	 -	 -	-14	13	1	-25	1	17					
no	88	83.338			Light Magenta RGB(128 0 255)	60.8	11	-6	10	60.8	11	-6	10	 -	 -	-13	0	9	-12	11	1					
no	89	90.493	87.5	3.7	Light Magenta RGB(128 0 255)	60.8	-6	-11	-10	60.8	-6	-11	-10	 -	 -	-9	14	0	-19	6	11		60.7	0.1		
lo	90	117.156			Dark Purple RGB(64 0 0)	31.2	-9	-13	23	31.2	-9	-13	23	 -	 -	-20	18	13	8	-27	4					
lo	91	115.762			Dark Purple RGB(64 0 0)	31.2	-13	-9	23	31.2	-13	-9	23	 -	 -	8	-27	4	-20	18	13					
lo	92	110.458	114.5	3.5	Dark Purple RGB(64 0 0)	31.2	-9	-13	23	31.2	-9	-13	23	 -	 -	-21	16	14	6	-26	5		31.2	0.0		
nu	93	30.483			Dark Red RGB(128 64 0)	40.9	24	-11	-9	40.9	24	-11	-9	 -	 -	-19	5	3	-10	23	2					
nu	94	27.162			Dark Red RGB(128 64 0)	40.9	11	-24	-9	40.9	11	-24	-9	 -	 -	-7	18	1	-24	5	4					
nu	95	29.165	28.9	1.7	Dark Red RGB(128 64 0)	40.9	24	-11	-9	40.9	24	-11	-9	 -	 -	-13	4	2	-13	27	3		40.9	0.0		
ou	96	86.697			Dark Green RGB(0 64 0)	52.7	20	19	11	52.7	20	19	11	 -	 -	-1	19	-6	6	12	-5					
ou	97	94.498			Dark Green RGB(0 64 0)	52.4	19	18	11	52.4	19	18	11	 -	 -	-1	23	-7	6	12	-5					
ou	98	94.326	91.8	4.5	Dark Green RGB(0 64 0)	52.7	20	19	11	52.7	20	19	11	 -	 -	-2	18	-5	14	24	-11		52.6	0.2		
gq	99	122.368			Dark Purple RGB(0 64 64)	25.2	-5	4	0	25.2	-5	4	0	 19a	3.2	15	-21	-7	-3	-20	12					
gq	100	122.699			Dark Purple RGB(0 64 64)	24.6	0	3	-4	24.6	0	3	-4	 -	 -	-3	-20	12	13	-18	-6					
gq	101	124.146	123.1	0.9	Dark Purple RGB(0 64 64)	24.6	-4	3	0	24.6	-4	3	0	 -	 -	17	-24	-8	-2	-15	9		24.8	0.3		
iq	102	76.591			Dark Blue RGB(0 0 128)	39	11	14	-15	39	11	14	-15	7	4.9	-24	-5	15	-13	-1	10					
iq	103	81.43			Dark Blue RGB(0 0 128)	39	6	7	-8	39	6	7	-8	7	4.5	-8	-2	5	-17	-2	14					
iq	104	81.335	79.8	2.8	Dark Blue RGB(0 0 128)	39	6	7	-8	39	6	7	-8	7	4.5	-18	-2	11	-4	0	3		39.0	0.0		7
jq	105	117.09			Dark Purple RGB(0 0 64)	47.9	-9	-22	10	47.9	-9	-22	10	 -	 -	11	24	-14	-23	12	12					
jq	106	130.305			Dark Purple RGB(0 0 64)	47.7	-7	-18	8	47.7	-7	-18	8	 -	 -	16	21	-15	-23	17	9					
jq	107	125.658	124.4	6.7	Dark Purple RGB(0 0 64)	47.9	-9	-22	10	47.9	-9	-22	10	 -	 -	6	6	-5	-12	11	4		47.8	0.1		
pq	108	124.441			Dark Purple RGB(64 0 64)	44.5	-4	22	11	44.5	-4	22	11	 -	 -	12	16	-17	-17	24	8					
pq	109	129.698			Dark Purple RGB(64 0 64)	43.7	-4	26	13	43.7	-4	26	13	 -	 -	14	15	-18	-5	8	2					
pq	110	135.62	129.9	5.6	Dark Purple RGB(64 0 64)	43.7	-4	26	13	43.7	-4	26	13	 -	 -	17	12	-19	-12	25	3		44.0	0.5		
gr	111	32.501			Dark Purple RGB(64 0 128)	42	-8	-9	16	42	-8	-9	16	 21b	3.1	21	-2	-14	9	25	-8					
gr	112	34.704			Dark Purple RGB(64 0 128)	42	-9	-8	16	42	-9	-8	16	 21b	3.1	1	5	-1	19	-6	-12					
gr	113	30.112	32.4	2.3	Dark Purple RGB(64 0 128)	42	-8	-9	16	42	-8	-9	16	 21b	3.1	17	-3	-11	2	7	-2		42.0	0.0		21
qr	114	68.882			Black RGB(0 0 0)	47.6	-23	16	-4	47.6	-23	16	-4	 -	 -	18	-10	-9	21	8	-15					
qr	115	71.409			Black RGB(0 0 0)	47.6	-23	16	-4	47.6	-23	16	-4	 -	 -	19	-13	-8	23	5	-16					
qr	116	68.531	69.6	1.6	Black RGB(0 0 0)	47.6	-23	16	-4	47.6	-23	16	-4	 -	 -	23	-12	-12	7	3	-5		47.6	0.0		
pr	117	99.378			Dark Orange RGB(128 128 0)	42.5	-3	-2	-6	42.5	-3	-2	-6	 -	 -	-17	-6	17	14	-8	-9					
pr	118	109.513			Dark Orange RGB(128 128 0)	42.5	-3	-2	-6	42.5	-3	-2	-6	 -	 -	-21	-2	19	13	-11	-8					
pr	119	109.575	106.2	5.9	Dark Orange RGB(128 128 0)	42.5	-3	-2	-6	42.5	-3	-2	-6	 -	 -	-13	-6	13	23	-11	-15		42.5	0.0		
op	120	34.58			Dark Orange RGB(128 128 64)	33.2	1	1	-2	33.2	1	1	-2	 35a	0.9	14	-5	-8	22	-14	-15					
op	121	33.161			Dark Orange RGB(128 128 64)	33.8	12	11	-23	33.8	12	11	-23	 35a	0.9	13	-3	-8	22	-11	-16					
op	122	39.748	35.8	3.5	Dark Orange RGB(128 128 64)	33.8	12	11	-23	33.8	12	11	-23	 35a	0.9	23	-8	-13	22	-14	-15		33.6	0.3		35
pt	123	161.411			Light Gray RGB(128 128 128)	37.3	-1	7	21	37.3	-1	7	21	 -	 -	11	-25	-2	5	-22	14					
pt	124	160.44			Light Gray RGB(128 128 128)	37.3	-28	1	-10	37.3	-28	1	-10	 -	 -	5	-23	15	6	-14	-1					
pt	125	147.327	156.4	7.9	Light Gray RGB(128 128 128)	38	-1	9	26	38	-1	9	26	 -	 -	12	-19	-5	3	-7	3		37.5	0.4		
rs	126	109.25			Dark Purple RGB(64 128 128)	39.4	23	6	-1	39.4	23	6	-1	 -	 -	-1	-30	3	5	-8	1					
rs	127	109.407			Dark Purple RGB(64 128 128)	39.1	1	7	-27	39.1	1	7	-27	 -	 -	11	-21	4	-3	-25	4					
rs	128	109.618	109.4	0.2	Dark Purple RGB(64 128 128)	39.4	23	6	-1	39.4	23	6	-1	 -	 -	-3	-14	3	8	-18	5		39.3	0.2		
ps	129	47.716			Light Gray RGB(192 192 192)	42.5	6	4	-15	42.5	6	4	-15	 -	 -	-1	-11	4	-4	-18	15					
ps	130	49.723			Light Gray RGB(192 192 192)	42.5	15	4	-6	42.5	15	4	-6	 -	 -	-2	-19	14	0	-17	5					
ps	131	49.417	49.0	1.1	Light Gray RGB(192 192 192)	42.5	6	4	-15	42.5	6	4	-15	 -	 -	-5	-23	11	-8	-19	19		42.5	0.0		
st	132	132.87			Dark Purple RGB(64 0 64)	16.4	16	5	8	16.4	16	5	8	 -	 -	21	-1	-20	-14	-5	15					
st	133	132.118			Dark Purple RGB(64 0 64)	17.3	21	7	11	17.3	21	7	11	 -	 -	15	3	-17	-15	-11	20					
st	134	139.178	134.7	3.9	Dark Purple RGB(64 0 64)	17.3	21	7	11	17.3	21	7	11	 -	 -	17	9	-24	-10	-13	17		17.0	0.5		
su	135	39.445			White RGB(255 255 255)	50.9	-18	-5	-9	50.9	-18	-5	-9	 -	 -	9	-13	-3	-23	5	16					
su	136	29.544			White RGB(255 255 255)	50.9	-18	-5	-9	50.9	-18	-5	-9	 -	 -	10	-17	-3	-21	3	16					
su	137	36.377	35.1	5.1	White RGB(255 255 255)	51.2	-24	-7	-12	51.2	-24	-7	-12	 -	 -	13	-27	-3	-6	0	5		51.0	0.2		
tu	138	80.938			Light Orange RGB(255 128 128)	41.8	-21	0	-5	41.8	-21	0	-5	 -	 -	6	-2	-3	-15	19	-2					
tu	139	72.233			Light Orange RGB(255 128 128)	41.8	0	-21	-5	41.8	0	-21	-5	 -	 -	-17	21	-2	20	-7	-10					
tu	140	77.934	77.0	4.4	Light Orange RGB(255 128 128)	41.8	-21	0	-5	41.8	-21	0	-5	 -	 -	23	3	-13	-10	24	-11		41.8	0.0		
ij	141	43.446			Light Yellow RGB(255 255 128)	41.5	-13	-3	4	41.5	-13	-3	4	 -	 -	10	-16	1	-9	-9	7					
ij	142	42.898			Light Yellow RGB(255 255 128)	41.5	-4	13	3	41.5	-4	13	3	 -	 -	-14	-19	12	17	-21	0					
ij	143	47.71	44.7	2.6	Light Yellow RGB(255 255 128)	41.5	-4	13	3	41.5	-4	13	3	 -	 -	-12	-25	12	14	-13	-2		41.5	0.0		
																										
GPDCfib_3																										
gb		Li (nm)	L mean	stdev																			mis. mean (deg)	stdev		csl sigma
ac	1	334.181			Light Orange RGB(255 128 128)	34.4	3	-26	-9	34.4	3	-26	-9	 -	 -	2	19	-1	7	24	-3					
ac	2	340.709			Light Orange RGB(255 128 128)	34.4	3	-26	-9	34.4	3	-26	-9	 -	 -	1	25	-1	5	22	-2					
ac	3	339.083	338.0	3.4	Light Orange RGB(255 128 128)	34.6	2	-14	-5	34.6	2	-14	-5	 -	 -	1	30	-2	5	22	-2		34.5	0.1		
ab	4	331.231			Light Yellow RGB(255 255 128)	46	-3	-10	-23	46	-3	-10	-23	 -	 -	-10	21	1	-13	4	1					
ab	5	348.895			Light Yellow RGB(255 255 128)	46.5	-4	-11	-26	46.5	-4	-11	-26	 -	 -	-1	6	0	-18	12	1					
ab	6	352.174	344.1	11.3	Light Yellow RGB(255 255 128)	46	-3	-10	-23	46	-3	-10	-23	 -	 -	3	29	-2	-7	8	0		46.2	0.3		
bc	7	147.203			Light Yellow RGB(128 255 128)	35.2	0	-9	-20	35.2	0	-9	-20	 27b	1.5	21	11	-8	-1	-11	1					
bc	8	147.085			Light Yellow RGB(128 255 128)	35.2	-9	0	20	35.2	-9	0	20	 27b	1.5	-1	-23	2	21	12	-8					
bc	9	147.653	147.3	0.3	Light Yellow RGB(128 255 128)	35.2	0	-9	-20	35.2	0	-9	-20	 27b	1.5	13	6	-5	-3	-22	2		35.2	0.0		27
cd	10	101.452			Light Cyan RGB(0 255 128)	22.2	-6	2	-1	22.2	-6	2	-1	 -	 -	22	-11	-8	-20	15	6					
cd	11	101.492			Light Cyan RGB(0 255 128)	22.2	6	-2	1	22.2	6	-2	1	 -	 -	-25	14	9	27	-9	-10					
cd	12	95.966	99.6	3.2	Light Cyan RGB(0 255 128)	22.8	-19	6	-3	22.8	-19	6	-3	 -	 -	24	-4	-9	-5	2	2		22.4	0.3		
bd	13	161.91			Light Cyan RGB(128 255 255)	40.8	-20	-13	19	40.8	-20	-13	19	 -	 -	23	-19	-1	3	17	-8					
bd	14	153.44			Light Cyan RGB(128 255 255)	40.8	-20	-13	19	40.8	-20	-13	19	 -	 -	21	-22	-1	6	20	-11					
bd	15	165.002	160.1	6.0	Light Cyan RGB(128 255 255)	40.8	-20	-13	19	40.8	-20	-13	19	 -	 -	12	-28	1	11	13	-11		40.8	0.0		
be	16	60.81			Light Cyan RGB(0 128 255)	36.3	0	7	10	36.3	0	7	10	 -	 -	16	-9	-1	-26	0	11					
be	17	43.934			Light Cyan RGB(0 128 255)	36.3	0	7	10	36.3	0	7	10	 -	 -	21	-22	-1	-25	8	9					
be	18	60.122	55.0	9.6	Light Cyan RGB(0 128 255)	36.3	0	7	10	36.3	0	7	10	 -	 -	9	-11	0	-12	5	4		36.3	0.0		
de	19	125.069			Light Magenta RGB(255 128 192)	46.1	27	-10	-1	46.1	27	-10	-1	 -	 -	26	-10	-11	-3	-29	8					
de	20	127.529			Light Magenta RGB(255 128 192)	46.1	27	-10	-1	46.1	27	-10	-1	 -	 -	15	-9	-5	-5	-17	6					
de	21	132.22	128.3	3.6	Light Magenta RGB(255 128 192)	46.1	27	-10	-1	46.1	27	-10	-1	 -	 -	17	-12	-5	-2	-5	2		46.1	0.0		
ef	22	92.266			Light Magenta RGB(255 128 255)	25.1	23	-15	1	25.1	23	-15	1	 -	 -	15	-24	-1	17	24	-6					
ef	23	83.118			Light Magenta RGB(255 128 255)	25.1	23	15	1	25.1	23	15	1	 -	 -	15	25	-6	9	-17	0					
ef	24	81.296	85.6	5.9	Light Magenta RGB(255 128 255)	25.1	23	-15	1	25.1	23	-15	1	 -	 -	16	-21	-2	16	18	-5		25.1	0.0		
df	25	134.667			Red RGB(255 0 0)	47.1	15	-18	5	47.1	15	-18	5	 -	 -	-5	-11	7	15	5	-3					
df	26	149.678			Red RGB(255 0 0)	47.1	15	-18	5	47.1	15	-18	5	 -	 -	-7	-21	12	27	6	-5					
df	27	142.254	142.2	7.5	Red RGB(255 0 0)	47.4	19	-22	6	47.4	19	-22	6	 -	 -	-4	-12	7	27	6	-5		47.2	0.2		
fj	28	220.598			Yellow RGB(255 255 0)	12.9	1	-21	22	12.9	1	-21	22	1	12.9	-24	4	3	0	-30	1					1
fj	29	238.534			Yellow RGB(255 255 0)	14.4	-1	-19	22	14.4	-1	-19	22	1	14.4	-21	2	3	3	-30	1					
fj	30	233.727	231.0	9.3	Yellow RGB(255 255 0)	13.1	-1	-14	16	13.1	-1	-14	16	1	13.1	-27	-8	5	13	-27	-1		13.5	0.8		
fg	31	123.36			Light Yellow RGB(128 255 0)	29.1	19	-20	-5	29.1	19	-20	-5	 -	 -	-7	-27	5	-6	-17	5					
fg	32	116.061			Light Yellow RGB(128 255 0)	29.1	19	-20	5	29.1	19	-20	5	 -	 -	-8	-25	7	-4	-17	3					
fg	33	109.898	116.4	6.7	Light Yellow RGB(128 255 0)	27.3	15	-15	4	27.3	15	-15	4	 -	 -	-9	-26	7	-6	-23	4		28.5	1.0		
cf	34	86.288			Dark Green RGB(0 255 64)	30.2	26	-9	0	30.2	26	-9	0	 -	 -	12	-7	-1	11	-22	-4					
cf	35	88.28			Dark Green RGB(0 255 64)	30.2	9	-26	0	30.2	9	-26	0	 -	 -	11	-14	-4	22	-20	-1					
cf	36	88.206	87.6	1.1	Dark Green RGB(0 255 64)	30.2	9	-26	0	30.2	9	-26	0	 -	 -	14	-16	-5	1	-1	0		30.2	0.0		
cg	37	327.96			Cyan RGB(0 255 255)	15.4	-16	-15	16	15.4	-16	-15	16	 31a	2.6	-7	-25	3	-20	-3	5					
cg	38	332.022			Cyan RGB(0 255 255)	15.4	-16	-15	16	15.4	-16	-15	16	 31a	2.6	-2	-18	1	-29	1	6					
cg	39	327.261	329.1	2.6	Cyan RGB(0 255 255)	15.4	-16	-15	16	15.4	-16	-15	16	 31a	2.6	3	-30	-1	-12	3	2		15.4	0.0		31
ch	40	99.81			Dark Cyan RGB(0 128 192)	27.9	-21	-6	8	27.9	-21	-6	8	 45a	2	-10	-27	4	-25	-7	15					
ch	41	104.321			Dark Cyan RGB(0 128 192)	27.9	-21	-6	8	27.9	-21	-6	8	 45a	2	-10	-15	4	-18	-11	12					
ch	42	105.294	103.1	2.9	Dark Cyan RGB(0 128 192)	27.9	-21	-6	8	27.9	-21	-6	8	 45a	2	-5	-6	2	-14	-11	10		27.9	0.0		45
gh	43	63.193			Light Purple RGB(128 128 192)	16	0	-30	-1	16	0	-30	-1	 25a	0.4	2	-9	1	-1	6	-1					
gh	44	68.066			Light Purple RGB(128 128 192)	16	0	30	1	16	0	30	1	 25a	0.4	-11	27	-3	3	-7	0					
gh	45	73.351	68.2	5.1	Light Purple RGB(128 128 192)	16.9	0	-1	0	16.9	0	-1	0	 25a	0.7	7	-26	2	-3	13	-2		16.3	0.5		25
hi	46	71.498			Magenta RGB(255 0 255)	52.2	-16	11	21	52.2	-16	11	21	 -	 -	19	4	-11	22	-11	-7					
hi	47	79.629			Magenta RGB(255 0 255)	52.5	-3	2	4	52.5	-3	2	4	 -	 -	27	-2	-14	21	-17	-4					
hi	48	77.033	76.1	4.2	Magenta RGB(255 0 255)	52.5	-3	2	4	52.5	-3	2	4	 -	 -	27	-3	-14	22	-19	-4		52.4	0.2		
gi	49	167.785			Dark Purple RGB(128 64 64)	59.5	1	-1	1	59.5	1	-1	1	3	0.6	22	9	-15	9	15	-5					
gi	50	175.659			Dark Purple RGB(128 64 64)	59.5	1	-1	1	59.5	1	-1	1	3	0.6	11	6	-8	8	17	-5					
gi	51	169.71	171.1	4.1	Dark Purple RGB(128 64 64)	59.9	-1	1	-1	59.9	-1	1	-1	3	0.4	6	5	-5	3	11	-3		59.6	0.2		3
gj	52	158.429			Light Orange RGB(255 128 64)	27.7	12	-5	7	27.7	12	-5	7	 -	 -	17	-21	1	-15	-20	3					
gj	53	164.19			Light Orange RGB(255 128 64)	26.7	5	-2	3	26.7	5	-2	3	 -	 -	19	-23	1	-5	-7	1					
gj	54	162.455	161.7	3.0	Light Orange RGB(255 128 64)	27.4	17	-8	10	27.4	17	-8	10	 -	 -	15	-26	2	-21	-20	4		27.3	0.5		
																										
GPDCfib_4																										
gb		Li (nm)	L mean	stdev																			mis. mean (deg)	stdev		csl sigma
ac	1	155.571			Light Orange RGB(255 128 128)	45.1	27	9	10	45.1	27	9	10	 -	 -	-3	27	-1	13	5	-12					
ac	2	142.709			Light Orange RGB(255 128 128)	45.1	27	9	10	45.1	27	9	10	 -	 -	-7	27	0	13	8	-14					
ac	3	141.005	146.4	8.0	Light Orange RGB(255 128 128)	45.1	27	9	10	45.1	27	9	10	 -	 -	-11	28	1	8	7	-10		45.1	0.0		
ab	4	121.748			Light Yellow RGB(255 255 128)	43.4	-5	-15	18	43.4	-5	-15	18	 -	 -	-28	3	6	25	-13	-6					
ab	5	120.138			Light Yellow RGB(255 255 128)	42.8	-3	-8	10	42.8	-3	-8	10	 -	 -	-20	3	4	24	-11	-6					
ab	6	123.371	121.8	1.6	Light Yellow RGB(255 255 128)	42.8	-3	-8	10	42.8	-3	-8	10	 -	 -	-16	7	3	22	-4	-7		43.0	0.3		
bc	7	246.349			Light Yellow RGB(128 255 128)	54	-18	-11	17	54	-18	-11	17	 -	 -	18	-14	-3	11	-24	1					
bc	8	244.317			Light Yellow RGB(128 255 128)	54	-18	-11	17	54	-18	-11	17	 -	 -	17	-13	-3	12	-27	1					
bc	9	251.565	247.4	3.7	Light Yellow RGB(128 255 128)	54	-18	-11	17	54	-18	-11	17	 -	 -	17	-19	1	10	-13	-1		54.0	0.0		
bd	10	144.77			Light Cyan RGB(0 255 128)	55.5	-20	3	17	55.5	-20	3	17	 -	 -	-20	13	4	-1	17	0					
bd	11	144.083			Light Cyan RGB(0 255 128)	55.5	-17	20	-3	55.5	-17	20	-3	 -	 -	1	16	-1	-19	16	3					
bd	12	147.471	145.4	1.8	Light Cyan RGB(0 255 128)	55.5	-20	3	17	55.5	-20	3	17	 -	 -	-18	16	3	1	13	-1		55.5	0.0		
de	13	40.48			Light Cyan RGB(128 255 255)	42.6	14	0	23	42.6	14	0	23	 47b	2.1	24	9	-14	-7	-14	4					
de	14	45.287			Light Cyan RGB(128 255 255)	41.6	-14	0	-23	41.6	-14	0	-23	 -	 -	-12	-19	7	19	5	-11					
de	15	39.538	41.8	3.1	Light Cyan RGB(128 255 255)	42.6	14	0	23	42.6	14	0	23	 47b	2.1	19	5	-11	-12	-20	7		42.3	0.6		47
be	16	267.27			Light Cyan RGB(0 128 255)	44.6	1	28	-11	44.6	1	28	-11	 -	 -	-21	-16	10	-16	-8	9					
be	17	266.081			Light Cyan RGB(0 128 255)	45.2	0	16	-7	45.2	0	16	-7	 -	 -	-8	-7	4	-9	-5	5					
be	18	268.348	267.2	1.1	Light Cyan RGB(0 128 255)	44.2	1	27	-12	44.2	1	27	-12	 -	 -	-19	-12	9	-25	-9	14		44.7	0.5		
bf	19	144.026			Light Magenta RGB(255 128 192)	43	14	-19	3	43	14	-19	3	 -	 -	-7	-13	5	-9	-21	8					
bf	20	155.733			Light Magenta RGB(255 128 192)	43.4	15	-22	3	43.4	15	-22	3	 -	 -	-3	-5	2	-11	-23	9					
bf	21	159.84	153.2	8.2	Light Magenta RGB(255 128 192)	43.4	15	-22	3	43.4	15	-22	3	 -	 -	-9	-20	7	-8	-23	8		43.3	0.2		
ci	22	49.456			Light Magenta RGB(255 128 255)	53.5	15	-7	8	53.5	15	-7	8	 31b	2.3	-19	1	12	-13	20	0					
ci	23	74.792			Light Magenta RGB(255 128 255)	53.5	15	-7	8	53.5	15	-7	8	 31b	2.3	-23	5	12	-12	27	-1					
ci	24	52.623	59.0	13.8	Light Magenta RGB(255 128 255)	53.5	15	-7	8	53.5	15	-7	8	 31b	2.3	-17	16	1	5	19	-2		53.5	0.0		31
ch	25	178.103			Red RGB(255 0 0)	49.5	-6	9	16	49.5	-6	9	16	 -	 -	-23	4	13	-23	16	6					
ch	26	185.285			Red RGB(255 0 0)	49.5	-6	9	16	49.5	-6	9	16	 -	 -	-16	1	10	-23	13	7					
ch	27	190.01	184.5	6.0	Red RGB(255 0 0)	49.5	-6	9	16	49.5	-6	9	16	 -	 -	-17	-1	12	-12	5	4		49.5	0.0		
hi	28	22.596			Yellow RGB(255 255 0)	36.3	0	7	10	36.3	0	7	10	 -	 -	18	-11	-1	-22	1	9					
hi	29	14.712			Yellow RGB(255 255 0)	36.3	0	7	10	36.3	0	7	10	 -	 -	17	-19	0	-27	10	9					
hi	30	21.745	19.7	4.3	Yellow RGB(255 255 0)	36.3	0	7	10	36.3	0	7	10	 -	 -	22	-20	-1	-8	2	3		36.3	0.0		
cg	31	71.451			Light Yellow RGB(128 255 0)	50.4	17	-9	8	50.4	17	-9	8	 31b	2.5	-11	-15	17	-14	4	1					
cg	32	71.813			Light Yellow RGB(128 255 0)	50.4	17	-9	8	50.4	17	-9	8	 31b	2.5	-17	-10	18	-23	15	1					
cg	33	70.99	71.4	0.4	Light Yellow RGB(128 255 0)	50.4	17	-9	8	50.4	17	-9	8	 31b	2.5	-7	-8	10	-17	6	1		50.4	0.0		31
fg	34	181.115			Dark Green RGB(0 255 64)	22.4	21	-20	7	22.4	21	-20	7	 -	 -	0	-3	2	-22	-1	7					
fg	35	181.453			Dark Green RGB(0 255 64)	22.6	19	-17	5	22.6	19	-17	5	 -	 -	0	-25	16	-28	-1	8					
fg	36	189.702	184.1	4.9	Dark Green RGB(0 255 64)	22.6	19	-17	5	22.6	19	-17	5	 -	 -	4	-24	13	-8	1	2		22.5	0.1		
ef	37	187.733			Cyan RGB(0 255 255)	23.3	4	7	-16	23.3	4	7	-16	 -	 -	23	4	-8	-13	2	7					
ef	38	188.249			Cyan RGB(0 255 255)	23.8	5	9	-21	23.8	5	9	-21	 -	 -	27	5	-9	-26	4	13					
ef	39	187.091	187.7	0.6	Cyan RGB(0 255 255)	24.5	5	8	-19	24.5	5	8	-19	 -	 -	21	4	-7	-25	4	13		23.9	0.6		
eg	40	42.757			Dark Cyan RGB(0 128 192)	33.5	2	-27	2	33.5	2	-27	2	5	5	21	5	-2	-22	7	12					
eg	41	45.613			Dark Cyan RGB(0 128 192)	32.4	1	-21	2	32.4	1	-21	2	5	5.7	21	8	-2	-23	11	12					
eg	42	36.985	41.8	4.4	Dark Cyan RGB(0 128 192)	33.3	2	-23	2	33.3	2	-23	2	5	5.6	8	4	-1	-19	12	10		33.1	0.6		5
gh	43	144.049			Light Purple RGB(128 128 192)	40.8	1	16	25	40.8	1	16	25	 -	 -	-8	-17	2	-3	14	-2					
gh	44	163.308			Light Purple RGB(128 128 192)	40.8	1	16	25	40.8	1	16	25	 -	 -	-4	-9	1	-6	25	-3					
gh	45	161.757	156.4	10.7	Light Purple RGB(128 128 192)	40.8	-1	-16	-25	40.8	-1	-16	-25	 -	 -	-2	17	-3	-14	-23	3		40.8	0.0		
hk	46	254.894			Magenta RGB(255 0 255)	47.5	-12	4	23	47.5	-12	4	23	 -	 -	25	2	-11	4	-4	-3					
hk	47	261.673			Magenta RGB(255 0 255)	48	-13	4	25	48	-13	4	25	 -	 -	21	8	-11	20	-12	-17					
hk	48	275.724	264.1	10.6	Magenta RGB(255 0 255)	48	-13	4	25	48	-13	4	25	 -	 -	20	11	-11	22	-9	-19		47.8	0.3		
hj	49	48.322			Dark Purple RGB(128 64 64)	32	15	-19	-6	32	15	-19	-6	 -	 -	25	-11	-8	10	-20	-1					
hj	50	58.583			Dark Purple RGB(128 64 64)	32	15	-19	-6	32	15	-19	-6	 -	 -	12	-5	-4	11	-23	-1					
hj	51	54.556	53.8	5.2	Dark Purple RGB(128 64 64)	32	15	-19	-6	32	15	-19	-6	 -	 -	20	-7	-7	10	-24	-1		32.0	0.0		
jk	52	228.952			Light Orange RGB(255 128 64)	53.3	-15	6	16	53.3	-15	6	16	 -	 -	29	-5	-4	5	14	-7					
jk	53	220.398			Light Orange RGB(255 128 64)	54	-15	6	16	54	-15	6	16	 -	 -	21	-2	-3	8	19	-11					
jk	54	224.842	224.7	4.3	Light Orange RGB(255 128 64)	52.3	-17	7	18	52.3	-17	7	18	 25b	2.6	28	5	-4	13	17	-15		53.2	0.9		
ek	55	150.921			Green RGB(0 255 0)	19.5	12	-14	7	19.5	12	-14	7	 -	 -	-11	-14	12	-15	23	8					
ek	56	161.435			Green RGB(0 255 0)	19.9	17	-17	7	19.9	17	-17	7	 -	 -	-13	-22	16	-13	25	7					
ek	57	156.673	156.3	5.3	Green RGB(0 255 0)	18.9	9	-9	4	18.9	9	-9	4	 -	 -	-10	-24	13	-9	26	5		19.4	0.5		
kl	58	244.372			Dark Cyan RGB(0 128 128)	46.5	14	-13	-4	46.5	14	-13	-4	 -	 -	-15	6	13	2	13	-4					
kl	59	246.182			Dark Cyan RGB(0 128 128)	46.5	14	-13	-4	46.5	14	-13	-4	 -	 -	-17	2	16	-1	25	-5					
kl	60	242.618	244.4	1.8	Dark Cyan RGB(0 128 128)	45.8	13	-12	-4	45.8	13	-12	-4	 -	 -	-18	2	17	-1	23	-5		46.3	0.4		
el	61	291.808			Dark Blue RGB(0 64 128)	29.1	-21	-15	14	29.1	-21	-15	14	 -	 -	3	9	-2	23	5	-13					
el	62	288.261			Dark Blue RGB(0 64 128)	29.1	-15	-21	14	29.1	-15	-21	14	 -	 -	14	-1	-7	1	10	-1					
el	63	306.824	295.6	9.9	Dark Blue RGB(0 64 128)	29.1	-21	-15	14	29.1	-21	-15	14	 -	 -	1	28	-2	21	-3	-10		29.1	0.0		
lm	64	108.548			Light Magenta RGB(128 128 255)	44.2	-2	8	-11	44.2	-2	8	-11	 -	 -	10	-27	1	-2	-17	4					
lm	65	108.482			Light Magenta RGB(128 128 255)	44.2	11	8	2	44.2	11	8	2	 -	 -	-2	-24	5	3	-7	0					
lm	66	105.837	107.6	1.5	Light Magenta RGB(128 128 255)	44.2	-2	8	-11	44.2	-2	8	-11	 -	 -	13	-26	-1	-1	-29	5		44.2	0.0		
em	67	64.631			Dark Purple RGB(128 0 64)	53	-15	9	-14	53	-15	9	-14	 -	 -	14	13	-8	-15	-3	11					
em	68	76.098			Dark Purple RGB(128 0 64)	53	-14	9	-15	53	-14	9	-15	 -	 -	-24	1	17	17	23	-10					
em	69	83.611	74.8	9.6	Dark Purple RGB(128 0 64)	53	-15	9	-14	53	-15	9	-14	 -	 -	15	23	-9	-19	2	13		53.0	0.0		
